
        %get_agent(id, eta_0, nu_0,[l,b,], model, gnc,speed; waypoints,visible)


agents = [...
 get_agent(101, [0,-30,pi/2]', [1,0,0]',[5,3], 1, 1,[1,1], [0,-300;0,300]',1)...
,get_agent(102, [0,-70,pi/2]', [1,0,0]',[5,3], 1, 1,[1,1], [0,-300;0,300]',1)...
,get_agent(103, [0,-110,pi/2]', [1,0,0]',[5,3], 1, 1,[1,1], [0,-300;0,300]',1)...
,get_agent(104, [0,-150,pi/2]', [1,0,0]',[5,3], 1, 1,[1,1], [0,-300;0,300]',1)...
,get_agent(105, [0,-190,pi/2]', [1,0,0]',[5,3], 1, 1,[1,1], [0,-300;0,300]',1)...
,get_agent(106, [0, 30,-pi/2]', [1,0,0]',[5,3], 1, 1,[1,1], [0,300;0,-300]',1)...
,get_agent(107, [0, 70,-pi/2]', [1,0,0]',[5,3], 1, 1,[1,1], [0,300;0,-300]',1)...
,get_agent(108, [0, 110,-pi/2]', [1,0,0]',[5,3], 1, 1,[1,1], [0,300;0,-300]',1)...
,get_agent(109, [0, 150,-pi/2]', [1,0,0]',[5,3], 1, 1,[1,1], [0,300;0,-300]',1)...
,get_agent(110, [0, 190,-pi/2]', [1,0,0]',[5,3], 1, 1,[1,1], [0,300;0,-300]',1)...
];
              
              
              
