blokk1 = [...
    1600, 300;...
    1300, 400;...
    1130, 600;...
    810, 450;...
    620, 120;...
    1600, 300;...
    ]';

blokk2 = [
    620, 120;...
    500, 150;...
    700, 210;...
    710, 400;...
    600, 430;...
    0, 430;...
    0, 0;...
    620, 120;...
    ]';

separator = [nan;nan];
static_obs = [separator,blokk1,...
              separator,blokk2,separator];

% static_obs = [];