blokk1 = [...
    1600, 300;...
    1300, 400;...
    1130, 500;...
    810, 450;...
    620, 120;...
    620, 0;...
    1600, 0;...
    1600, 300;...
    ]';

blokk2 = [...
    0, 0;...
    620, 0;...
    620, 120;...
    500, 150;...
    665, 460;...
    670, 620;...
    600, 680;...
    0, 680;...
    ]';

blokk3 = [...
    0,680;...
    600,680;...
    600, 700;...
    500, 1220;...
    530, 1250;...
    620, 1270;...
    620, 1800;...
    0, 1800;...
    ]';

blokk4 = [...
    620, 1800;...
    620, 1270;...
    665, 1250;...
    695, 930;...
    730, 750;... 
    800, 720;...
    810, 721;...
    820, 724;...
    823, 730;...
    850, 740;...
    890, 785;...
    930, 810;...
    945, 820;...
    990, 900;...
    1020, 960;...
    1030, 1020;...
    1034, 1200;...
    1055, 1600;...
    1057, 1800;...
    ]';

blokk5 = [...
    1600, 1800;...
    1570, 1600;...
    1450, 1560;...
    1400, 1460;...
    1370, 1400;...
    1355, 1300;...
    1280, 1100;...
    1270, 1030;...
    1260, 970;...
    1265, 960;...
    1270, 940;...
    1260, 900;...
    1800, 900;...
    1800, 1800;...
    ]';

blokk6 = [...
    1800, 900;...
    1260, 900;...
    1270, 870;...
    1266, 860;...
    1300, 790;...
    1400, 770;...
    1600, 670;...
    1800, 670;...
    ]';

separator = [nan;nan];
static_obs = [separator,blokk1,...
              separator,blokk2,...
              separator,blokk3,...
              separator,blokk4,...
              separator,blokk5,...
              separator,blokk6,separator];

% static_obs = [];