blokk1 = [...
    0, 330;...
    10, 327;...
    25, 326;...
    40, 323;...
    56, 325;...
    60, 326;...
    67, 317;...
    71, 319;...
    81, 313;...
    85, 310;...
    88, 308;...
    95, 305;...
    110, 302;...
    120, 300;...
    124, 301;...
    145, 279;...
    154, 277;...
    158, 279;...
    165, 281;...
    170, 280;...
    189, 283;...
    195, 279;...
    210, 277;...
    221, 276;...
    232, 266;...
    245, 259;...
    258, 240;...
    266, 235;...
    268, 231;...
    265, 229;...
    267, 223;...
    274, 219;...
    275, 212;...
    276, 200;...
    280, 190;...
    281, 184;...
    282, 178;...
    278, 167;...
    279, 165;...
    283, 159;...
    280, 155;...
    280, 150;...
    290, 150;...
    290, 143;...
    280, 143;...
    280, 140;...
    294, 140;...
    294, 135;...
    280, 135;...
    280, 131;...
    278, 130;...
    281, 128;...
    279, 124;...
    280, 118;...
    277, 100;...
    280, 0;...
    0,0;...
    ]';

separator = [nan;nan];
static_obs = [separator,blokk1,separator
             ];

% static_obs = [];