fastland = [...
    0, 1500;...
    100, 1560;...
    200, 1690;...
    300, 1800;...
    0, 1800;...
    ]';

oy1 = [...
    0, 1340;...
    100, 1410;...
    140, 1460;...
    160, 1430;...
    110, 1380;...
    40, 1200;...
    0, 1180;...
    ]';

oy2 = [...
    0,740;...
    400,980;...
    440, 1050;...
    450, 1110;...
    430, 1130;...
    400, 1110;...
    0,  940;...
    0, 740;...
    ]';

oy3 = [...
    1700, 1550;...
    1450, 1200;...
    1380, 1180;...
    1340, 1170;... 
    1330, 1190;...
    1390, 1220;...
    1500, 1340;...
    1600, 1475;...
    1680, 1620;...
    1700, 1550;...
    ]';

vega = [...
    1500, 0;...
    1470, 50;...
    1450, 60;...
    1490, 64;...
    1496, 71;...
    1445, 73;...
    1455, 80;...
    1485, 120;...
    1520, 160;...
    1540, 170;...
    1590, 170;...
    1620, 190;...
    1670, 240;...
    1800, 300;...
    1800, 0;...
    ]';

skjaer1 = [...
    40, 1410;...
    46, 1412;...
    49, 1413;...
    51, 1419;...
    48, 1418;...
    44, 1415;...
    40, 1410;...
    ]';

skjaer2 = [...
    60, 1430;...
    66, 1432;...
    69, 1433;...
    71, 1439;...
    68, 1438;...
    64, 1435;...
    60, 1430;...
    ]';

skjaer3 = [...
    90, 1430;...
    96, 1432;...
    99, 1433;...
    101, 1439;...
    98, 1438;...
    94, 1435;...
    90, 1430;...
    ]';

skjaer4 = [...
    110, 1460;...
    116, 1462;...
    1199, 1463;...
    121, 1469;...
    118, 1468;...
    114, 1465;...
    110, 1460;...
    ]';

storskjaer1 =[...
    160, 1560;...
    174, 1570;...
    188, 1580;...
    194, 1594;...
    203, 1607;...
    201, 1609;...
    197, 1607;...
    177, 1590;...
    176, 1586;...
    166, 1575;...
    160, 1560;...
    ]';

storskjaer2 =[...
    260, 1760-100;...
    274, 1770-100;...
    288, 1780-100;...
    294, 1794-100;...
    303, 1807-100;...
    301, 1809-100;...
    297, 1807-100;...
    277, 1790-100;...
    276, 1786-100;...
    266, 1775-100;...
    260, 1760-100;...
    ]';

storskjaer3 =[...
    120, 1340;...
    134, 1350;...
    148, 1360;...
    154, 1374;...
    163, 1387;...
    161, 1389;...
    157, 1387;...
    137, 1370;...
    136, 1376;...
    126, 1365;...
    120, 1350;...
    ]';

storskjaer4 =[...
    160+500, 1560-300;...
    174+500, 1570-300;...
    188+500, 1580-300;...
    194+500, 1594-300;...
    203+500, 1607-300;...
    201+500, 1609-300;...
    197+500, 1607-300;...
    177+500, 1590-300;...
    176+500, 1586-300;...
    166+500, 1575-300;...
    160+500, 1560-300;...
    ]';


storskjaer5 =[...
    160+400, 1560-400;...
    174+400, 1570-400;...
    188+400, 1580-400;...
    194+400, 1594-400;...
    203+400, 1607-400;...
    201+400, 1609-400;...
    197+400, 1607-400;...
    177+400, 1590-400;...
    176+400, 1586-400;...
    166+400, 1575-400;...
    160+400, 1560-400;...
    ]';

storskjaer6 =[...
    160+1200, 1560-300;...
    174+1200, 1570-300;...
    188+1200, 1580-300;...
    194+1200, 1594-300;...
    203+1200, 1607-300;...
    201+1200, 1609-300;...
    197+1200, 1607-300;...
    177+1200, 1590-300;...
    176+1200, 1586-300;...
    166+1200, 1575-300;...
    160+1200, 1560-300;...
    ]';

storskjaer7 =[...
    160+1400, 1560-1200;...
    174+1400, 1570-1200;...
    188+1400, 1580-1200;...
    194+1400, 1594-1200;...
    203+1400, 1607-1200;...
    201+1400, 1609-1200;...
    197+1400, 1607-1200;...
    177+1400, 1590-1200;...
    176+1400, 1586-1200;...
    166+1400, 1575-1200;...
    160+1400, 1560-1200;...
    NaN,NaN;...
    160+1500, 1560-1100;...
    174+1500, 1570-1100;...
    188+1500, 1580-1100;...
    194+1500, 1594-1100;...
    203+1500, 1607-1100;...
    201+1500, 1609-1100;...
    197+1500, 1607-1100;...
    177+1500, 1590-1100;...
    176+1500, 1586-1100;...
    166+1500, 1575-1100;...
    160+1500, 1560-1100;...

    ]';

oygruppe1 = [...
    460, 1130;...
    466, 1132;...
    469, 1133;...
    471, 1139;...
    468, 1138;...
    464, 1135;...
    460, 1130;...
    NaN, NaN;...
    460+30, 1130+10;...
    460+30, 1132+10;...
    460+30, 1133+10;...
    471+30, 1139+10;...
    468+30, 1138+10;...
    464+30, 1135+10;...
    460+30, 1130+10;...
    NaN, NaN;...
    460+70, 1130-20;...
    466+70, 1132-20;...
    469+70, 1133-20;...
    471+70, 1139-20;...
    468+70, 1138-20;...
    464+70, 1135-20;...
    460+70, 1130-20;...
    ]';

oygruppe2 = [...
    1360, 1130;...
    1366, 1132;...
    1369, 1133;...
    1371, 1139;...
    1368, 1138;...
    1364, 1135;...
    1360, 1130;...
    NaN, NaN;...
    1360+30, 1130+10;...
    1360+30, 1132+10;...
    1360+30, 1133+10;...
    1371+30, 1139+10;...
    1368+30, 1138+10;...
    1364+30, 1135+10;...
    1360+30, 1130+10;...
    NaN, NaN;...
    1360+70, 1130-20;...
    1366+70, 1132-20;...
    1369+70, 1133-20;...
    1371+70, 1139-20;...
    1368+70, 1138-20;...
    1364+70, 1135-20;...
    1360+70, 1130-20;...
    ]';

oygruppe3 = [
    1360, 1130-800;...
    1366, 1132-800;...
    1369, 1133-800;...
    1371, 1139-800;...
    1368, 1138-800;...
    1364, 1135-800;...
    1360, 1130-800;...
    NaN, NaN;...
    1360+30, 1130+10-800;...
    1360+30, 1132+10-800;...
    1360+30, 1133+10-800;...
    1371+30, 1139+10-800;...
    1368+30, 1138+10-800;...
    1364+30, 1135+10-800;...
    1360+30, 1130+10-800;...
    NaN, NaN;...
    1360+70, 1130-20-800;...
    1366+70, 1132-20-800;...
    1369+70, 1133-20-800;...
    1371+70, 1139-20-800;...
    1368+70, 1138-20-800;...
    1364+70, 1135-20-800;...
    1360+70, 1130-20-800;...
    ]';

separator = [nan;nan];
static_obs = [separator,fastland,...
              separator,oy1,...
              separator,oy2,...
              separator,oy3,...
              separator,vega,...
              separator,skjaer1,...
              separator,skjaer2,...
              separator,skjaer3,...
              separator,storskjaer1,...
              separator,storskjaer2,...
              separator,storskjaer3,...
              separator,storskjaer4,...
              separator,storskjaer5,...
              separator,storskjaer6,...
              separator,storskjaer7,...
              separator,oygruppe1,...
              separator,oygruppe2,...
              separator,oygruppe3,separator];

% static_obs = [];