oy1 = [...
    67, 20;...
    63, 18;...
    61, 19;...
    60, 21;...
    62, 22;...
    67, 20;...
    ]';

oy2 = [...
    65, 37;...
    64, 36;...
    63, 36;...
    61, 33;...
    59, 32;...
    56, 33;...
    57, 34;...
    58, 36;...
    60, 37;...
    62, 38;...
    65, 37;...
    ]';

oy3 = [...
    67+13, 20+10;...
    63+13, 18+10;...
    61+13, 19+10;...
    60+13, 21+10;...
    62+13, 22+10;...
    67+13, 20+10;...
    ]';

oy4 = [...
    65-20, 37;...
    64-20, 36;...
    63-20, 36;...
    61-20, 33;...
    59-20, 32;...
    56-20, 33;...
    57-20, 34;...
    58-20, 36;...
    60-20, 37;...
    62-20, 38;...
    65-20, 37;...
    ]';

oy5 = [...
    67+20, 20+5;...
    63+20, 18+5;...
    61+20, 19+5;...
    60+20, 21+5;...
    62+20, 22+5;...
    67+20, 20+5;...
    ]';

oy6 = [...
    67-19, 20+28;...
    63-19, 18+28;...
    61-19, 19+28;...
    60-19, 21+28;...
    62-19, 22+28;...
    67-19, 20+28;...
    ]';

oy7 = [...
    65+25, 37+27;...
    64+25, 36+27;...
    63+25, 36+27;...
    61+25, 33+27;...
    59+25, 32+27;...
    56+25, 33+27;...
    57+25, 34+27;...
    58+25, 36+27;...
    60+25, 37+27;...
    62+25, 38+27;...
    65+25, 37+27;...
    ]';

oy8 = [...
    67+24, 20+58;...
    63+24, 18+58;...
    61+24, 19+58;...
    60+24, 21+58;...
    62+24, 22+58;...
    67+24, 20+58;...
    ]';

oy9 = [
    75, 80;...
    70, 78;...
    66, 65;...
    60, 75;...
    65, 80;...
    75, 80;...
    ]';

oy10 = [...
    67-7, 20+45;...
    63-7, 18+45;...
    61-7, 19+45;...
    60-7, 21+45;...
    62-7, 22+45;...
    67-7, 20+45;...
    ]';

oy11 = [
    38, 90;...
    36, 90;...
    36, 78;...
    38, 78;...
    38, 90;...
    ]';

oy12 = [...
    67-41, 20+44;...
    63-41, 18+44;...
    61-41, 19+44;...
    60-41, 21+44;...
    62-41, 22+44;...
    67-41, 20+44;...
    ]';



separator = [nan;nan];
static_obs = [separator,oy1,...
              separator,oy2,...
              separator,oy3,...
              separator,oy4,...
              separator,oy5,...
              separator,oy6,...
              separator,oy7,...
              separator,oy8,...
              separator,oy9,...
              separator,oy10,...
              separator,oy11,...
              separator,oy12,separator];

% static_obs = [];