%get_agent(id, eta_0, nu_0,[l,b,], model, gnc,speed; goal,visible)

agents = [
get_agent(100, [0,0,0]', [0,0,0]',[5,3], 2, 3, [0,0.0], [0,0;100,100]',1);...    % OS
%TS straight ahead
get_agent(101, [50,0, deg2rad(0)]', [1,0,0]',[5,3], 2, 2, [1,1], [50,0;100,100]',1);... %TS1
get_agent(102, [55,0, deg2rad(90)]', [1,0,0]',[5,3], 2, 2, [1,1], [55,0;100,100]',1);... %TS2
get_agent(103, [60,0, deg2rad(180)]', [1,0,0]',[5,3], 2, 2, [1,1], [60,0;100,100]',1);... %TS3
get_agent(104, [65,0, deg2rad(270)]', [1,0,0]',[5,3], 2, 2, [1,1], [65,0;100,100]',1);... %TS4
%TS on port side
get_agent(105, [0,-40, deg2rad(0)]', [1,0,0]',[5,3], 2, 2, [1,1], [10,-20;100,100]',1);... %TS5
get_agent(106, [0,-45, deg2rad(90)]', [1,0,0]',[5,3], 2, 2, [1,1], [15,-20;100,100]',1);... %TS6
get_agent(107, [0,-50, deg2rad(180)]', [1,0,0]',[5,3], 2, 2, [1,1], [15,-25;100,100]',1);... %TS7
get_agent(108, [0,-55, deg2rad(270)]', [1,0,0]',[5,3], 2, 2, [1,1], [15,-30;100,100]',1);... %TS8
%TS on starboard
get_agent(109, [0,40, deg2rad(0)]', [1,0,0]',[5,3], 2, 2, [1,1], [10,20;100,100]',1);... %TS9
get_agent(110, [0,45, deg2rad(90)]', [1,0,0]',[5,3], 2, 2, [1,1], [15,20;100,100]',1);... %TS10
get_agent(111, [0,50, deg2rad(180)]', [1,0,0]',[5,3], 2, 2, [1,1], [15,25;100,100]',1);... %TS11
get_agent(112, [0,55, deg2rad(270)]', [1,0,0]',[5,3], 2, 2, [1,1], [15,30;100,100]',1);... %TS12
%TS behind
get_agent(113, [-50,0, deg2rad(0)]', [1,0,0]',[5,3], 2, 2, [1,1], [-50,0;100,100]',1);... %TS13
get_agent(114, [-55,0, deg2rad(90)]', [1,0,0]',[5,3], 2, 2, [1,1], [-55,0;100,100]',1);... %TS14
get_agent(115, [-60,0, deg2rad(180)]', [1,0,0]',[5,3], 2, 2, [1,1], [-60,0;100,100]',1);... %TS15
get_agent(116, [-65,0, deg2rad(270)]', [1,0,0]',[5,3], 2, 2, [1,1], [-65,0;100,100]',1)... %TS16
]';