
        %get_agent(id, eta_0, nu_0,[l,b,], model, gnc,speed; waypoints,visible)
% wp_os = [
%     -10,-15;...
%     30,-30;...
%     40,-100;...
%     100,-110;...
%     440,-30;...
%     485,10;...
%     485,60;...
%     535,80;...
% ]';
%  
% wp_agent_102 = [
%     75,-200;...
%     40,-100;...
%     40, 200;...
% ]';
% speed_agent_102 = [1,1,1];
% 
% wp_agent_103 = [
%    300,650;...
%    300,-650;...
% ]';
% speed_agent_103 = [3,3];

agents = [
get_agent(101, [0,-20,0]', [1,0,0]',[5,3], 1, 5,[1.5,1.5], [0,-20;160,10;300,10]',1)...
,get_agent(102, [50,0,0]', [1,0,0]',[5,3], 2, 2,[1,1], [0,0;200,0]',1)...
% ,get_agent(103, [300,650, 1.8623]', [0,0,0]',[11,5], 2, 2,speed_agent_103, wp_agent_103,1),...
% ,get_agent(104, [35,65, -1.2793]', [0,0,0]',[5,3], 1, 1,1, [35,65;65,-35]',1)...
];
              
              
              
              
