
        %get_agent(id, eta_0, nu_0,[l,b,], model, gnc,speed; waypoints,visible)

agents = [
 get_agent(101, [350,0,-2.1375]', [1,0,0]',[5,3], 1, 1,[1,1,1,1,1], [390,60; 320,-50; 310,-100;320,-180;380,-270]',1)...
,get_agent(102, [380,-270,2.1588]', [1,0,0]',[5,3], 1, 1,[1,1,1,1,1], flip([390,60; 320,-50; 310,-100;320,-180;380,-270]',2),1)...
% ,get_agent(103, [65,-20,1.0831]', [1,0,0]',[5,3], 2, 2,[1,1],[65,-20; 126,95; 138,140; 160, 300]',1)...
% ,get_agent(104, [150,0,pi]', [1,0,0]',[5,3], 2, 2,[1,1], [100,0;0,0]',1)...
];
              
              
%               
%               
% figure(600)
% hold on;
% plot(agents(1,1).wp(2,:), agents(1,1).wp(1,:));