
%get_agent(id, eta_0, nu_0,[l,b,], model, gnc,speed; waypoints,visible)

agents = [
get_agent(101, [0,20,0]', [1,0,0]',[5,3], 1, 1,[1,1], [0,20;500,10]',1)...
,get_agent(102, [70,10, pi]', [1,0,0]',[5,3], 1, 1,[1,1], [2000,10;-1000,10]',1)...
,get_agent(103, [180,10, pi]', [1,0,0]',[5,3], 1, 1,[1,1], [2000,10;-1000,10]',1)...
,get_agent(104, [280,10, pi]', [1,0,0]',[5,3], 2, 2,[1,1], [2000,10;-1000,10]',1)...
,get_agent(105, [400,10, pi]', [1,0,0]',[5,3], 2, 2,[1,1], [2000,10;-1000,10]',1)...
,get_agent(106, [600,10, pi]', [1,0,0]',[5,3], 2, 2,[1,1], [2000,10;-1000,10]',1)...
,get_agent(107, [800,10, pi]', [1,0,0]',[5,3], 2, 2,[1,1], [2000,10;-1000,10]',1)...
];