blokk1 = [
    -100,100;...
    -20, 100;...
    20, 130;...
    50, 120;...
    70, 95;...
    90, 100;...
    95, 120;...
    75, 145;...
    0, 145;...
    -50, 130;...
    -100, 130;...
    ]';


separator= [nan;nan];
static_obs = [separator,blokk1,separator];