blokk1 = [...
    200, 250;...
    200, 160;...
    170, 155;...
    165, 165;...
    150, 200;...
    100, 190;...
    100, 245;...
    20, 245;...
    20, 250;...
    ]';

blokk2 = [...
    20, 250;...
    20, 185;...
    45, 190;...
    45, 188;...
    50, 188;...
    50, 185;...
    65, 185;...
    65, 180;...
    60, 180;...
    60, 145;...
    0, 145;...
    0, 250;...
    ]';
blokk3 = [...
    90, 245;...
    90, 242;...
    73, 242;...
    73, 245;...
    ]';

blokk4 = [...
    0, 75;...
    80, 75;...
    83, 77;...
    85, 79;...
    88, 81;...
    95, 85;...
    105, 93;...
    115, 97;...
    120, 99;...
    140, 100;...
    140, 90;...
    120, 90;...
    117, 87;...
    115, 86;...
    112, 85;...
    100, 80;...
    100, 0;...
    0,0;...
    ]';

separator = [nan;nan];
static_obs = [separator,blokk1,...
              separator,blokk2,...
              separator,blokk3,...
              separator,blokk4,separator];

% static_obs = [];