blokk1 = [...
    333, 135;...
    337, 136;...
    344, 138;...
    352, 146;...
    353, 154;...
    365, 166;...
    369, 169;...
    372, 171;...
    380, 185;...
    377, 200;...
    370, 217;...
    366, 221;...
    350, 219;...
    337, 218;...
    334, 216;...
    322, 207;...
    319, 201;...
    314, 190;...
    315, 175;...
    312, 150;...
    319, 145;...
    321, 142;...
    326, 140
    ]';

blokk2 = [...
    154, 250;...
    157, 248;...
    164, 245
    180, 240;...
    210, 240;...
    220, 250;...
    224, 273;...
    220, 295;...
    212, 307;...
    177, 301;...
    165, 293;...
    159, 280;...
    157, 270;
    ]';


blokk3 = [...
    324, 296;...
    311, 292;...
    303, 295;...
    304, 302;...
    304, 310;...
    296, 313;...
    276, 300;...
    262, 307;...
    265, 325;...
    290, 338;...
    350, 380;...
    363, 382;...
    368, 382;...
    404, 381;...
    422, 379;...
    450, 367;...
    452, 360;...
    441, 348;...
    355, 302;...
    341, 301;...
    ]';

blokk4 = [...
    450, 500;...
    400, 491;...
    350, 480;...
    248, 467;...
    100, 440;...
    0, 424;...
    0, 500;...
    ]';

separator = [nan;nan];
static_obs = [separator,blokk1,...
              separator,blokk2,...
              separator,blokk3,...
              separator,blokk4,separator];

% static_obs = [];