
        %get_agent(id, eta_0, nu_0,[l,b,], model, gnc,speed; waypoints,visible)

agents = [
 get_agent(101, [130,100,-2.0344]', [1,0,0]',[5,3], 2, 2,[1,1,1,1,1], [130,100; 100,40; 50,-50;-40,-180;-100,-245]',1)...
,get_agent(102, [-40,-180,0.9653]', [1,0,0]',[5,3], 2, 2,[1,1,1,1,1], flip([170, 360;155,204; 130,100; 100,40; 50,-50;-40,-180]',2),1)...
% ,get_agent(103, [65,-20,1.0831]', [1,0,0]',[5,3], 2, 2,[1,1],[65,-20; 126,95; 138,140; 160, 300]',1)...
% ,get_agent(104, [150,0,pi]', [1,0,0]',[5,3], 2, 2,[1,1], [100,0;0,0]',1)...
];
              
              
              
              
